%YAML:1.0
image_Width: 1024
image_Height: 768
baseline: 0.1202

Camera_MatrixL: !!opencv-matrix
   rows: 3
   cols: 3
   dt: d
   data: [ 845.0137,   0.0000, 509.1831,   0.0000, 845.4589, 393.5803,   0.0000,   0.0000,   1.0000 ]

Camera_MatrixR: !!opencv-matrix
   rows: 3
   cols: 3
   dt: d
   data: [ 839.9892,   0.0000, 521.7897,   0.0000, 840.1364, 386.4389,   0.0000,   0.0000,   1.0000 ]

Distortion_CoefficientsL: !!opencv-matrix
   rows: 5
   cols: 1
   dt: d
   data: [  -0.3533,   0.1515,   0.0003,  -0.0002,   0.0000 ]

Distortion_CoefficientsR: !!opencv-matrix
   rows: 5
   cols: 1
   dt: d
   data: [  -0.3555,   0.1508,   0.0005,   0.0009,   0.0000 ]

Stereo_Rotation: !!opencv-matrix
   rows: 3
   cols: 3
   dt: d
   data: [   1.0000,  -0.0013,   0.0027,   0.0013,   1.0000,  -0.0041,  -0.0027,   0.0041,   1.0000 ]

Stereo_Translation: !!opencv-matrix
   rows: 3
   cols: 1
   dt: d
   data: [  -0.1202,   0.0002,   0.0005 ]